#pK pK_min pK_max cos_cm cos_cm_err Acceptance
724 723 725 -0.933333 0.0666667 0.760518
724 723 725 -0.8 0.0666667 0.820686
724 723 725 -0.666667 0.0666667 0.795443
724 723 725 -0.533333 0.0666667 0.817464
724 723 725 -0.4 0.0666667 0.792043
724 723 725 -0.266667 0.0666667 0.808056
724 723 725 -0.133333 0.0666667 0.775238
724 723 725 -2.77556e-17 0.0666667 0.7842
724 723 725 0.133333 0.0666667 0.783582
724 723 725 0.266667 0.0666667 0.781013
724 723 725 0.4 0.0666667 0.783074
724 723 725 0.533333 0.0666667 0.780797
724 723 725 0.666667 0.0666667 0.765291
724 723 725 0.8 0.0666667 0.785603
724 723 725 0.933333 0.0666667 0.766341
726 725 727 -0.933333 0.0666667 0.749417
726 725 727 -0.8 0.0666667 0.780579
726 725 727 -0.666667 0.0666667 0.786852
726 725 727 -0.533333 0.0666667 0.758621
726 725 727 -0.4 0.0666667 0.773298
726 725 727 -0.266667 0.0666667 0.771047
726 725 727 -0.133333 0.0666667 0.787822
726 725 727 -2.77556e-17 0.0666667 0.762325
726 725 727 0.133333 0.0666667 0.795386
726 725 727 0.266667 0.0666667 0.740215
726 725 727 0.4 0.0666667 0.755892
726 725 727 0.533333 0.0666667 0.770048
726 725 727 0.666667 0.0666667 0.751242
726 725 727 0.8 0.0666667 0.78841
726 725 727 0.933333 0.0666667 0.755806
728 727 729 -0.933333 0.0666667 0.788917
728 727 729 -0.8 0.0666667 0.80427
728 727 729 -0.666667 0.0666667 0.792647
728 727 729 -0.533333 0.0666667 0.804555
728 727 729 -0.4 0.0666667 0.795459
728 727 729 -0.266667 0.0666667 0.767357
728 727 729 -0.133333 0.0666667 0.782283
728 727 729 -2.77556e-17 0.0666667 0.785936
728 727 729 0.133333 0.0666667 0.804851
728 727 729 0.266667 0.0666667 0.77202
728 727 729 0.4 0.0666667 0.754022
728 727 729 0.533333 0.0666667 0.767532
728 727 729 0.666667 0.0666667 0.76616
728 727 729 0.8 0.0666667 0.747728
728 727 729 0.933333 0.0666667 0.743796
730 729 731 -0.933333 0.0666667 0.817547
730 729 731 -0.8 0.0666667 0.77958
730 729 731 -0.666667 0.0666667 0.758665
730 729 731 -0.533333 0.0666667 0.765084
730 729 731 -0.4 0.0666667 0.812053
730 729 731 -0.266667 0.0666667 0.822018
730 729 731 -0.133333 0.0666667 0.788228
730 729 731 -2.77556e-17 0.0666667 0.80599
730 729 731 0.133333 0.0666667 0.808892
730 729 731 0.266667 0.0666667 0.822374
730 729 731 0.4 0.0666667 0.771673
730 729 731 0.533333 0.0666667 0.797929
730 729 731 0.666667 0.0666667 0.810456
730 729 731 0.8 0.0666667 0.795282
730 729 731 0.933333 0.0666667 0.785247
732 731 733 -0.933333 0.0666667 0.804528
732 731 733 -0.8 0.0666667 0.772161
732 731 733 -0.666667 0.0666667 0.803912
732 731 733 -0.533333 0.0666667 0.76566
732 731 733 -0.4 0.0666667 0.775868
732 731 733 -0.266667 0.0666667 0.778223
732 731 733 -0.133333 0.0666667 0.805456
732 731 733 -2.77556e-17 0.0666667 0.75531
732 731 733 0.133333 0.0666667 0.747799
732 731 733 0.266667 0.0666667 0.792546
732 731 733 0.4 0.0666667 0.779163
732 731 733 0.533333 0.0666667 0.755456
732 731 733 0.666667 0.0666667 0.761553
732 731 733 0.8 0.0666667 0.7645
732 731 733 0.933333 0.0666667 0.745988
734 733 735 -0.933333 0.0666667 0.79589
734 733 735 -0.8 0.0666667 0.77797
734 733 735 -0.666667 0.0666667 0.774748
734 733 735 -0.533333 0.0666667 0.784136
734 733 735 -0.4 0.0666667 0.779281
734 733 735 -0.266667 0.0666667 0.791873
734 733 735 -0.133333 0.0666667 0.774149
734 733 735 -2.77556e-17 0.0666667 0.784632
734 733 735 0.133333 0.0666667 0.801111
734 733 735 0.266667 0.0666667 0.785528
734 733 735 0.4 0.0666667 0.76
734 733 735 0.533333 0.0666667 0.749257
734 733 735 0.666667 0.0666667 0.781433
734 733 735 0.8 0.0666667 0.791392
734 733 735 0.933333 0.0666667 0.787192
738 737 739 -0.933333 0.0666667 0.799867
738 737 739 -0.8 0.0666667 0.809705
738 737 739 -0.666667 0.0666667 0.816837
738 737 739 -0.533333 0.0666667 0.810375
738 737 739 -0.4 0.0666667 0.820423
738 737 739 -0.266667 0.0666667 0.7963
738 737 739 -0.133333 0.0666667 0.800443
738 737 739 -2.77556e-17 0.0666667 0.772697
738 737 739 0.133333 0.0666667 0.774188
738 737 739 0.266667 0.0666667 0.776967
738 737 739 0.4 0.0666667 0.739685
738 737 739 0.533333 0.0666667 0.776222
738 737 739 0.666667 0.0666667 0.769038
738 737 739 0.8 0.0666667 0.764396
738 737 739 0.933333 0.0666667 0.731203
742 741 743 -0.933333 0.0666667 0.794285
742 741 743 -0.8 0.0666667 0.816701
742 741 743 -0.666667 0.0666667 0.800184
742 741 743 -0.533333 0.0666667 0.764844
742 741 743 -0.4 0.0666667 0.782243
742 741 743 -0.266667 0.0666667 0.809843
742 741 743 -0.133333 0.0666667 0.769408
742 741 743 -2.77556e-17 0.0666667 0.778542
742 741 743 0.133333 0.0666667 0.783266
742 741 743 0.266667 0.0666667 0.77318
742 741 743 0.4 0.0666667 0.732209
742 741 743 0.533333 0.0666667 0.725892
742 741 743 0.666667 0.0666667 0.776237
742 741 743 0.8 0.0666667 0.777661
742 741 743 0.933333 0.0666667 0.751117
746 745 747 -0.933333 0.0666667 0.78756
746 745 747 -0.8 0.0666667 0.77742
746 745 747 -0.666667 0.0666667 0.822428
746 745 747 -0.533333 0.0666667 0.807171
746 745 747 -0.4 0.0666667 0.788596
746 745 747 -0.266667 0.0666667 0.778525
746 745 747 -0.133333 0.0666667 0.77919
746 745 747 -2.77556e-17 0.0666667 0.775467
746 745 747 0.133333 0.0666667 0.769985
746 745 747 0.266667 0.0666667 0.805197
746 745 747 0.4 0.0666667 0.780215
746 745 747 0.533333 0.0666667 0.798895
746 745 747 0.666667 0.0666667 0.771353
746 745 747 0.8 0.0666667 0.730712
746 745 747 0.933333 0.0666667 0.716953
750 749 751 -0.933333 0.0666667 0.771096
750 749 751 -0.8 0.0666667 0.780749
750 749 751 -0.666667 0.0666667 0.806641
750 749 751 -0.533333 0.0666667 0.832206
750 749 751 -0.4 0.0666667 0.801794
750 749 751 -0.266667 0.0666667 0.803926
750 749 751 -0.133333 0.0666667 0.769085
750 749 751 -2.77556e-17 0.0666667 0.781921
750 749 751 0.133333 0.0666667 0.781896
750 749 751 0.266667 0.0666667 0.775418
750 749 751 0.4 0.0666667 0.769629
750 749 751 0.533333 0.0666667 0.783573
750 749 751 0.666667 0.0666667 0.765014
750 749 751 0.8 0.0666667 0.729339
750 749 751 0.933333 0.0666667 0.723958
754 753 755 -0.933333 0.0666667 0.787533
754 753 755 -0.8 0.0666667 0.770492
754 753 755 -0.666667 0.0666667 0.804298
754 753 755 -0.533333 0.0666667 0.778892
754 753 755 -0.4 0.0666667 0.784013
754 753 755 -0.266667 0.0666667 0.813019
754 753 755 -0.133333 0.0666667 0.783934
754 753 755 -2.77556e-17 0.0666667 0.78139
754 753 755 0.133333 0.0666667 0.791827
754 753 755 0.266667 0.0666667 0.783424
754 753 755 0.4 0.0666667 0.775947
754 753 755 0.533333 0.0666667 0.750148
754 753 755 0.666667 0.0666667 0.754036
754 753 755 0.8 0.0666667 0.770019
754 753 755 0.933333 0.0666667 0.728886
758 757 759 -0.933333 0.0666667 0.781516
758 757 759 -0.8 0.0666667 0.763061
758 757 759 -0.666667 0.0666667 0.788453
758 757 759 -0.533333 0.0666667 0.83954
758 757 759 -0.4 0.0666667 0.779613
758 757 759 -0.266667 0.0666667 0.7718
758 757 759 -0.133333 0.0666667 0.771508
758 757 759 -2.77556e-17 0.0666667 0.794395
758 757 759 0.133333 0.0666667 0.787284
758 757 759 0.266667 0.0666667 0.789754
758 757 759 0.4 0.0666667 0.775952
758 757 759 0.533333 0.0666667 0.775708
758 757 759 0.666667 0.0666667 0.771152
758 757 759 0.8 0.0666667 0.718176
758 757 759 0.933333 0.0666667 0.694074
762 761 763 -0.933333 0.0666667 0.807201
762 761 763 -0.8 0.0666667 0.776116
762 761 763 -0.666667 0.0666667 0.809349
762 761 763 -0.533333 0.0666667 0.808216
762 761 763 -0.4 0.0666667 0.776607
762 761 763 -0.266667 0.0666667 0.785209
762 761 763 -0.133333 0.0666667 0.775716
762 761 763 -2.77556e-17 0.0666667 0.783784
762 761 763 0.133333 0.0666667 0.777897
762 761 763 0.266667 0.0666667 0.749274
762 761 763 0.4 0.0666667 0.760142
762 761 763 0.533333 0.0666667 0.766785
762 761 763 0.666667 0.0666667 0.76984
762 761 763 0.8 0.0666667 0.754663
762 761 763 0.933333 0.0666667 0.700635
766 765 767 -0.933333 0.0666667 0.802377
766 765 767 -0.8 0.0666667 0.789401
766 765 767 -0.666667 0.0666667 0.781934
766 765 767 -0.533333 0.0666667 0.816501
766 765 767 -0.4 0.0666667 0.776547
766 765 767 -0.266667 0.0666667 0.783133
766 765 767 -0.133333 0.0666667 0.789749
766 765 767 -2.77556e-17 0.0666667 0.753318
766 765 767 0.133333 0.0666667 0.775107
766 765 767 0.266667 0.0666667 0.736756
766 765 767 0.4 0.0666667 0.763525
766 765 767 0.533333 0.0666667 0.773792
766 765 767 0.666667 0.0666667 0.755542
766 765 767 0.8 0.0666667 0.754795
766 765 767 0.933333 0.0666667 0.723637
770 769 771 -0.933333 0.0666667 0.810436
770 769 771 -0.8 0.0666667 0.799293
770 769 771 -0.666667 0.0666667 0.823939
770 769 771 -0.533333 0.0666667 0.821028
770 769 771 -0.4 0.0666667 0.786955
770 769 771 -0.266667 0.0666667 0.804352
770 769 771 -0.133333 0.0666667 0.772032
770 769 771 -2.77556e-17 0.0666667 0.796003
770 769 771 0.133333 0.0666667 0.750899
770 769 771 0.266667 0.0666667 0.764963
770 769 771 0.4 0.0666667 0.751843
770 769 771 0.533333 0.0666667 0.749857
770 769 771 0.666667 0.0666667 0.755232
770 769 771 0.8 0.0666667 0.729364
770 769 771 0.933333 0.0666667 0.707766
