# E72Physics physics runs only; source run lists: /home/had/haein/work/e72/ana/e72/runmanager/runlist/tpc_runinfo
# K-beam normalization: scaler K-Beam; DAQ-Eff is K-Beam weighted.
# TRIG-D is retained only as a diagnostic scaler counter.
# rows are globally sorted by run number.
# momentum_mev run nKbeam_K-Beam TRIG-D DAQ-Eff K-BeamxDAQ-Eff run_list
  735  2263      5332019     61344896  0.774428 4129264.810132 E72Physics_735_1.txt
  735  2264      2652702     30521286  0.769639 2041622.914578 E72Physics_735_1.txt
  735  2266       178770      2053958  0.928411  165972.034470 E72Physics_735_1.txt
  735  2267     12358862    142230287  0.780081 9640913.427822 E72Physics_735_1.txt
  735  2268     18252528    210055807  0.787595 14375599.790160 E72Physics_735_1.txt
  735  2269        17898       208226  0.400844    7174.305912 E72Physics_735_1.txt
  735  2270     11960278    137520803  0.792699 9480900.410322 E72Physics_735_1.txt
  735  2271      7496698     95912114  0.764477 5731053.196946 E72Physics_735_1.txt
  735  2272     12118632    155902436  0.767942 9306406.495344 E72Physics_735_1.txt
  735  2274       111940      1522287  0.640041   71646.189540 E72Physics_735_1.txt
  735  2275     12395984    168173786  0.749625 9292339.506000 E72Physics_735_1.txt
  735  2276     11233239    152389341  0.750815 8434084.339785 E72Physics_735_1.txt
  735  2278      3382120     45864154  0.758514 2565385.369680 E72Physics_735_1.txt
  735  2279     14980258    203187015  0.750159 11237575.361022 E72Physics_735_1.txt
  735  2280     24829821    336513142  0.751341 18655662.539961 E72Physics_735_1.txt
  735  2281     17865205    242041287  0.744009 13291873.306845 E72Physics_735_1.txt
  735  2282     13998406    189605503  0.754967 10568334.582602 E72Physics_735_1.txt
  735  2283     17988321    243634765  0.755482 13589852.725722 E72Physics_735_1.txt
  735  2284     11711579    158373718  0.753954 8829991.833366 E72Physics_735_1.txt
  735  2285           -1           -1 -1.000000      -1.000000 E72Physics_735_1.txt
  735  2286           -1           -1 -1.000000      -1.000000 E72Physics_735_1.txt
  735  2287           -1           -1 -1.000000      -1.000000 E72Physics_735_1.txt
  735  2290     20957377    284622820  0.785294 16457702.413838 E72Physics_735_2.txt
  735  2291     15133991    205464681  0.782290 11839169.819390 E72Physics_735_2.txt
  735  2292     12882768    174733305  0.774270 9974740.779360 E72Physics_735_2.txt
  735  2293      1411334     19132157  0.988123 1394571.586082 E72Physics_735_2.txt
  735  2294      1259841     17069418  0.979346 1233820.243986 E72Physics_735_2.txt
  735  2295     11495561    155941183  0.775004 8909105.757244 E72Physics_735_2.txt
  735  2296     10516336    142718307  0.771337 8111639.061232 E72Physics_735_2.txt
  735  2297     10281074    139474285  0.780894 8028429.000156 E72Physics_735_2.txt
  735  2298     10859004    147414427  0.754809 8196473.950236 E72Physics_735_2.txt
  735  2299     10748267    145904241  0.781395 8398642.092465 E72Physics_735_2.txt
  735  2300      9375615    127347836  0.780923 7321633.392645 E72Physics_735_2.txt
  735  2304     12144118    165011821  0.775947 9423191.929746 E72Physics_735_2.txt
  735  2305     10332684    140318816  0.785731 8118710.132004 E72Physics_735_2.txt
  735  2306      3168559     43050133  0.777291 2462892.393669 E72Physics_735_2.txt
  735  2309      5403796     73427103  0.785327 4243746.901292 E72Physics_735_2.txt
  735  2311      5543961     75289539  0.784774 4350756.449814 E72Physics_735_2.txt
  735  2312      5213977     70835161  0.784128 4088425.357056 E72Physics_735_2.txt
  735  2313      6209018     84348083  0.784412 4870428.227416 E72Physics_735_2.txt
  735  2314      5380404     73083103  0.782528 4210316.781312 E72Physics_735_2.txt
  735  2315      5203821     70667281  0.776825 4042458.248325 E72Physics_735_2.txt
  735  2316      5398084     73323865  0.769768 4155272.324512 E72Physics_735_2.txt
  735  2317      5152896     70040087  0.783874 4039221.199104 E72Physics_735_2.txt
  735  2318      5363964     72809709  0.779925 4183489.622700 E72Physics_735_2.txt
  735  2321      6338735     86285254  0.766411 4858076.230085 E72Physics_735_2.txt
  735  2322      5983316     81485835  0.781142 4673819.426872 E72Physics_735_2.txt
  735  2323      6262805     85297742  0.754202 4723420.056610 E72Physics_735_2.txt
  735  2324      5783071     78751372  0.776398 4489964.758258 E72Physics_735_2.txt
  735  2327       897950     12165545  0.766419  688205.941050 E72Physics_735_2.txt
  735  2329      5745969     77942695  0.771291 4431814.175979 E72Physics_735_2.txt
  735  2331      2040712     27664373  0.769662 1570658.479344 E72Physics_735_2.txt
  735  2333      2677103     36263335  0.765405 2049068.021715 E72Physics_735_2.txt
  735  2336      6571476     89127460  0.767098 5040966.096648 E72Physics_735_2.txt
  735  2337      4023484     54514880  0.763128 3070433.297952 E72Physics_735_2.txt
  735  2339      5072160     68757978  0.762787 3868977.709920 E72Physics_735_2.txt
  735  2341      4043083     54837843  0.757508 3062667.717164 E72Physics_735_2.txt
  735  2343       202441      2745729  0.687236  139124.743076 E72Physics_735_2.txt
  735  2344      7755396    105206471  0.758891 5885500.225836 E72Physics_735_2.txt
  735  2346       137511      1872444  0.665474   91509.995214 E72Physics_735_2.txt
  735  2347      7878354    106810156  0.755605 5952923.674170 E72Physics_735_2.txt
  735  2349      5091374     69095998  0.771474 3927862.665276 E72Physics_735_2.txt
  735  2351     13780934    186891675  0.767503 10576908.187802 E72Physics_735_2.txt
  735  2352     14832172    207875190  0.758062 11243705.970664 E72Physics_735_2.txt
  735  2354     13685892    197629179  0.749244 10254072.465648 E72Physics_735_2.txt
  735  2355     13916039    200938247  0.749669 10432423.041091 E72Physics_735_2.txt
  735  2356     12883136    186133897  0.749177 9651749.179072 E72Physics_735_2.txt
  735  2357      5969617     86205383  0.747534 4462491.674478 E72Physics_735_2.txt
  735  2359     13806800    222418492  0.743462 10264831.141600 E72Physics_735_3.txt
  735  2360      6925332    111572222  0.743921 5151899.906772 E72Physics_735_3.txt
  735  2361     15908903    256458957  0.744662 11846755.525786 E72Physics_735_3.txt
  735  2362     13735504    221563559  0.748267 10277824.371568 E72Physics_735_3.txt
  735  2363      3087732     49768748  0.747194 2307134.824008 E72Physics_735_3.txt
  735  2364     16224599    261380864  0.748840 12149628.715160 E72Physics_735_3.txt
  735  2365      3686364     59307156  0.745720 2748995.362080 E72Physics_735_3.txt
  735  2366      9876559    158952661  0.746641 7374243.888319 E72Physics_735_3.txt
  735  2368     13483231    216927160  0.748428 10091227.610868 E72Physics_735_3.txt
  735  2369     15090896    243232249  0.742180 11200161.193280 E72Physics_735_3.txt
  735  2370     13290122    213840601  0.732569 9735931.383418 E72Physics_735_3.txt
  735  2372     13177167     13177189  0.725947 9565924.852149 E72Physics_735_3.txt
  735  2373     13039412     13039428  0.719737 9384947.274644 E72Physics_735_3.txt
  735  2374      9484138      9484149  0.714694 6778256.523772 E72Physics_735_3.txt
  735  2376       457590       457589  0.681857  312010.944630 E72Physics_735_3.txt
  735  2377     12789700     12789714  0.716178 9159701.766600 E72Physics_735_4.txt
  735  2378     12881599     12881608  0.735909 9479684.638491 E72Physics_735_4.txt
  735  2379     12921748     12921764  0.738089 9537400.059572 E72Physics_735_4.txt
  735  2380      9093922      9093929  0.739453 6724527.904666 E72Physics_735_4.txt
  735  2382      4196923      4196932  0.743512 3120462.613576 E72Physics_735_4.txt
  735  2383      7836859      7836862  0.746192 5847801.490928 E72Physics_735_4.txt
  735  2384        81877        81877  0.754507   61776.769639 E72Physics_735_4.txt
  735  2385     11800993     11801005  0.746360 8807789.135480 E72Physics_735_4.txt
  735  2386     18216484     18216504  0.744997 13571225.930548 E72Physics_735_4.txt
  735  2387           -1           -1 -1.000000      -1.000000 E72Physics_735_4.txt
  735  2388      1526539      1526541  0.739876 1129449.569164 E72Physics_735_4.txt
  735  2408      8486937      8486946  0.775128 6578462.502936 E72Physics_735_5.txt
  735  2409     24552622     24552633  0.768128 18859556.431616 E72Physics_735_5.txt
  735  2410     11152938     11152954  0.759530 8470990.999140 E72Physics_735_5.txt
  735  2411      9441719      9441733  0.758850 7164848.463150 E72Physics_735_5.txt
  735  2412      9450157      9450165  0.753486 7120560.997302 E72Physics_735_5.txt
  735  2413     10614418     10614422  0.750546 7966608.972228 E72Physics_735_5.txt
  735  2414     10553217     10553223  0.746919 7882398.288423 E72Physics_735_5.txt
  735  2415     10399843     10399854  0.749474 7794411.932582 E72Physics_735_5.txt
  735  2416      9930219      9930233  0.744344 7391498.931336 E72Physics_735_5.txt
  735  2417      9367615      9367625  0.740435 6936110.012525 E72Physics_735_5.txt
  735  2418      9389418      9389437  0.741853 6965567.911554 E72Physics_735_5.txt
  735  2419     10225835     10225844  0.742679 7594512.911965 E72Physics_735_5.txt
  735  2420      9367507      9367517  0.736746 6901473.312222 E72Physics_735_5.txt
  735  2421      4438793      4438798  0.728263 3232608.706559 E72Physics_735_5.txt
  735  2423      9312538      9312559  0.735647 6850740.642086 E72Physics_735_5.txt
  735  2424      9496079      9496102  0.735483 6984204.671157 E72Physics_735_5.txt
  735  2425      9316403      9316414  0.729660 6797806.612980 E72Physics_735_5.txt
  735  2426      9055849      9055860  0.727262 6585974.855438 E72Physics_735_5.txt
  735  2427      9866418      9866431  0.726016 7163177.330688 E72Physics_735_5.txt
  735  2428      1289312      1289313  0.718344  926169.539328 E72Physics_735_5.txt
  735  2429        90755      1072060  0.718690   65224.710950 E72Physics_735_5.txt
  735  2431      9747747      9747754  0.723758 7055009.873226 E72Physics_735_5.txt
  735  2432      4680266      4680268  0.722656 3382222.306496 E72Physics_735_5.txt
  735  2434      9467837      9467850  0.722530 6840796.267610 E72Physics_735_5.txt
  735  2435     15019662     15019681  0.720915 10827899.630730 E72Physics_735_5.txt
  735  2436     13222874     13222890  0.718571 9501573.793054 E72Physics_735_5.txt
  735  2437     11821947     11821965  0.717549 8482826.247903 E72Physics_735_5.txt
  735  2438     11855653     11855657  0.720374 8540504.174222 E72Physics_735_5.txt
  735  2439     11890358     11890366  0.717947 8536646.855026 E72Physics_735_5.txt
  735  2440     11893357     11893364  0.717804 8537099.228028 E72Physics_735_5.txt
  735  2441       397147       397148  0.707175  280852.429725 E72Physics_735_5.txt
  735  2447     13541936     13541952  0.764289 10349952.723504 E72Physics_735_6.txt
  735  2449     14021079     14380863  0.746931 10472778.558549 E72Physics_735_6.txt
  735  2450     13690023     13690033  0.746120 10214399.960760 E72Physics_735_6.txt
  735  2451     13584887     13584897  0.751671 10211365.596177 E72Physics_735_6.txt
  735  2452     13510595     13510611  0.751703 10155954.793285 E72Physics_735_6.txt
  735  2453     13508913     13508924  0.755035 10199702.126955 E72Physics_735_6.txt
  735  2454      9511727      9511740  0.752504 7157612.614408 E72Physics_735_6.txt
  735  2456     13480415     13480434  0.754851 10175704.743165 E72Physics_735_6.txt
  735  2457     13417566     13417579  0.755274 10133938.743084 E72Physics_735_6.txt
  735  2458     13407617     13407634  0.760089 10190982.197913 E72Physics_735_6.txt
  735  2459     13383259     13383274  0.763127 10213126.290893 E72Physics_735_6.txt
  735  2460     18025010     18025023  0.766312 13812781.463120 E72Physics_735_6.txt
  735  2462     15368188     15368206  0.771830 11861628.544040 E72Physics_735_6.txt
  735  2463      3628411      3628415  0.764831 2775121.213541 E72Physics_735_6.txt
  735  2465     14011285     14011297  0.769456 10781067.310960 E72Physics_735_6.txt
  735  2466     10988583     10988592  0.767447 8433155.057601 E72Physics_735_6.txt
  735  2468      3333544      3333548  0.770721 2569232.365224 E72Physics_735_6.txt
  735  2485     14599446     14599459  0.681791 9953770.887786 E72Physics_735_7.txt
  735  2486      8451486      8451490  0.677505 5725924.022430 E72Physics_735_7.txt
  735  2487      2117057      2117059  0.673051 1424887.330907 E72Physics_735_7.txt
  715  2611     12210950     12210960  0.819678 10009047.074100 E72Physics_715_1.txt
  715  2612      5604524      5604531  0.820584 4598982.722016 E72Physics_715_1.txt
  715  2615     11791271     11791281  0.822256 9695443.327376 E72Physics_715_1.txt
  715  2616     13488019     13488040  0.822997 11100599.172943 E72Physics_715_1.txt
  715  2618     11759901     11759920  0.824876 9700460.097276 E72Physics_715_1.txt
  715  2619     11595918     11595922  0.826349 9582275.243382 E72Physics_715_1.txt
  715  2622     11439483     11439490  0.827437 9465451.495071 E72Physics_715_1.txt
  715  2623     13121779     13121802  0.827475 10857944.078025 E72Physics_715_1.txt
  715  2624     12558979     12558994  0.827723 10395355.774817 E72Physics_715_1.txt
  715  2625     10764339     10764346  0.827466 8907124.534974 E72Physics_715_1.txt
  715  2626     12450288     12450302  0.828397 10313781.228336 E72Physics_715_1.txt
  715  2627     13042246     13042272  0.829545 10819129.958070 E72Physics_715_1.txt
  715  2628     11386108     11386121  0.829037 9439504.817996 E72Physics_715_1.txt
  715  2629      6031875      6031877  0.826476 4985199.922500 E72Physics_715_1.txt
  715  2630       600361       600361  0.830904  498842.356344 E72Physics_715_1.txt
  715  2631     10727929     10727941  0.830478 8909309.020062 E72Physics_715_1.txt
  715  2632      2103491      2103493  0.819948 1724753.238468 E72Physics_715_1.txt
  715  2633      4454412      4454419  0.831753 3704970.544236 E72Physics_715_1.txt
  715  2634      2860553      2860555  0.829975 2374187.476175 E72Physics_715_1.txt
  715  2648      1893714      1893715  0.826213 1564611.125082 E72Physics_715_2.txt
  715  2650     12267205     12267218  0.823557 10102742.548185 E72Physics_715_2.txt
  715  2651     12257042     12257054  0.816186 10004026.081812 E72Physics_715_2.txt
  715  2652     12780971     12780985  0.807268 10317668.897228 E72Physics_715_2.txt
  715  2653     11571414     11571419  0.802971 9291509.870994 E72Physics_715_2.txt
  715  2655      2267601      2267606  0.800595 1815430.022595 E72Physics_715_2.txt
  715  2682     12332586     12332594  0.820329 10116777.940794 E72Physics_715_3.txt
  715  2683     12281534     12281543  0.813672 9993140.332848 E72Physics_715_3.txt
  715  2684     11917578     11917587  0.812611 9684354.976158 E72Physics_715_3.txt
  715  2686     12477816     12477829  0.810306 10110849.171696 E72Physics_715_3.txt
  715  2687      7666625      7666634  0.808713 6200099.303625 E72Physics_715_3.txt
  715  2689     13623070     13623075  0.806966 10993354.305620 E72Physics_715_3.txt
  715  2690     14281882     14281907  0.804653 11491959.196946 E72Physics_715_3.txt
  715  2691     12685718     12685727  0.800082 10149614.628876 E72Physics_715_3.txt
  715  2692     12424695     12424705  0.799319 9931294.782705 E72Physics_715_3.txt
  715  2693      5591120      5591128  0.797383 4458264.038960 E72Physics_715_3.txt
  715  2695     12542320     12542340  0.792051 9934157.098320 E72Physics_715_3.txt
  715  2697     12972015     12972031  0.820706 10646210.542590 E72Physics_715_4.txt
  715  2699       102217      1560632  1.000000  102217.000000 E72Physics_715_4.txt
  715  2700      1199806      1199809  0.819356  983068.244936 E72Physics_715_4.txt
  715  2702     12112871     12112885  0.819241 9923360.550911 E72Physics_715_4.txt
  715  2703     12816759     12816776  0.820000 10509742.380000 E72Physics_715_4.txt
  715  2704     11655848     11655858  0.821524 9575558.872352 E72Physics_715_4.txt
  715  2705     11683146     11683151  0.822366 9607822.043436 E72Physics_715_4.txt
  715  2706     12372344     12372361  0.821820 10167839.746080 E72Physics_715_4.txt
  755  2708     23306977     23307013  0.784466 18283531.019282 E72Physics_755_1.txt
  755  2709     17256126     17256146  0.783796 13525282.534296 E72Physics_755_1.txt
  755  2710     17052362     17052387  0.785559 13395636.440358 E72Physics_755_1.txt
  755  2711      9101054      9101071  0.786868 7161328.158872 E72Physics_755_1.txt
  755  2713      8467110      8467129  0.784269 6640491.892590 E72Physics_755_1.txt
  755  2715      8640921      8640929  0.787038 6800733.181998 E72Physics_755_1.txt
  755  2718     14521799     14521803  0.787796 11440215.165004 E72Physics_755_1.txt
  755  2719     11131461     11131479  0.786927 8759647.210347 E72Physics_755_1.txt
  755  2721     17999711     17999734  0.787510 14174952.409610 E72Physics_755_1.txt
  755  2722     17283175     17283195  0.787877 13617016.069475 E72Physics_755_1.txt
  755  2723     10645303     10645309  0.785675 8363748.434525 E72Physics_755_1.txt
  755  2724     18896288     18896317  0.786993 14871246.381984 E72Physics_755_1.txt
  755  2725     16708909     16708939  0.787495 13158182.292955 E72Physics_755_1.txt
  755  2726     11002360     11002366  0.785559 8643002.919240 E72Physics_755_1.txt
  755  2729       443795       443795  0.758411  336579.009745 E72Physics_755_1.txt
  755  2731      4355725      4355730  0.784747 3418142.126575 E72Physics_755_1.txt
  755  2732     12957711     12957738  0.788391 10215742.733001 E72Physics_755_1.txt
  755  2734     10181132     10181140  0.788958 8032485.540456 E72Physics_755_1.txt
  755  2735      5836314      5836329  0.790038 4610909.839932 E72Physics_755_1.txt
  755  2736      2302471      2302471  0.789897 1818714.935487 E72Physics_755_1.txt
  755  2738      8139883      8139885  0.815549 6638473.440767 E72Physics_755_1.txt
  755  2739      4853024      4853024  0.812777 3944426.287648 E72Physics_755_1.txt
  755  2741     15072663     15072687  0.814314 12273880.498182 E72Physics_755_1.txt
  755  2742     14025641     14025661  0.813918 11415721.671438 E72Physics_755_1.txt
  755  2747     15891128     15891146  0.814214 12938778.893392 E72Physics_755_1.txt
  755  2748     14010735     14010743  0.812317 11381158.222995 E72Physics_755_1.txt
  755  2749     13239898     13239909  0.810861 10735716.932178 E72Physics_755_1.txt
  755  2750     12767400     12767429  0.808447 10321766.227800 E72Physics_755_1.txt
  755  2751     13747075     13747084  0.804987 11066216.663025 E72Physics_755_1.txt
  755  2752     13150061     13150071  0.801747 10543021.956567 E72Physics_755_1.txt
  755  2753     13660384     13660396  0.800383 10933539.127072 E72Physics_755_1.txt
  755  2754     14733963     14733985  0.795700 11723814.359100 E72Physics_755_1.txt
  755  2755      1303275      1303275  0.780969 1017817.373475 E72Physics_755_1.txt
  755  2757     11506091     11506097  0.794149 9137550.661559 E72Physics_755_1.txt
  755  2759     18038744     18038764  0.793972 14322257.651168 E72Physics_755_1.txt
  755  2760     13658674     13658681  0.796800 10883231.443200 E72Physics_755_1.txt
  755  2761     12812957     12812961  0.796160 10201163.845120 E72Physics_755_1.txt
  755  2762     13733364     13733384  0.795325 10922487.723300 E72Physics_755_1.txt
  755  2763     13931979     13931999  0.794995 11075853.645105 E72Physics_755_1.txt
  755  2764     14490819     14490829  0.792255 11480423.806845 E72Physics_755_1.txt
  755  2767     12504385     12504398  0.799291 9994642.391035 E72Physics_755_1.txt
  755  2768     13917637     13917660  0.800468 11140623.054116 E72Physics_755_1.txt
  755  2769     14773885     14773897  0.803422 11869664.234470 E72Physics_755_1.txt
  755  2770     13606721     13606732  0.805109 10954893.537589 E72Physics_755_1.txt
  755  2771     12990684     12990697  0.806260 10473868.881840 E72Physics_755_1.txt
  755  2772     22512873     22512892  0.806805 18163498.500765 E72Physics_755_1.txt
  715  2776     12570763     12570788  0.821846 10331231.288498 E72Physics_715_5.txt
  715  2777     16699362     16699389  0.819813 13690354.059306 E72Physics_715_5.txt
  715  2778      8509126      8509134  0.820121 6978512.924246 E72Physics_715_5.txt
  715  2779     14596321     14596338  0.824007 12027470.678247 E72Physics_715_5.txt
  715  2780     15026575     15026597  0.822752 12363144.634400 E72Physics_715_5.txt
  715  2781     23172876     23172913  0.825264 19123740.339264 E72Physics_715_5.txt
  715  2782     17519625     17519645  0.825139 14456125.852875 E72Physics_715_5.txt
  715  2783     13674482     13674507  0.826454 11301330.346828 E72Physics_715_5.txt
  715  2784     13501922     13502054  0.740153 9993488.074066 E72Physics_715_5.txt
  715  2785     12908882     12908893  0.826946 10674948.334372 E72Physics_715_5.txt
  715  2787     12074043     12074054  0.827864 9995665.534152 E72Physics_715_5.txt
  715  2788      2508097      2508099  0.826271 2072367.816287 E72Physics_715_5.txt
  715  2790     12529338     12529348  0.827203 10364305.981614 E72Physics_715_5.txt
  715  2791     12787755     12787770  0.827326 10579642.193130 E72Physics_715_5.txt
  715  2792     12657347     12657361  0.827689 10476346.881083 E72Physics_715_5.txt
  715  2793     12123264     12123273  0.829854 10060539.123456 E72Physics_715_5.txt
  715  2794      1211422      1211421  0.829866 1005317.929452 E72Physics_715_5.txt
  715  2796     12011940     12011951  0.831174 9984012.217560 E72Physics_715_5.txt
  715  2797      7938713      7938719  0.827685 6570753.669405 E72Physics_715_5.txt
  790  2799      1285917      1285917  0.993552 1277625.407184 E72Physics_790_1.txt
  790  2800     14779308     14779323  0.837365 12375675.243420 E72Physics_790_1.txt
  790  2803     13061587     13061594  0.838622 10953734.213114 E72Physics_790_1.txt
  790  2804     12602238     12602250  0.836631 10543422.980178 E72Physics_790_1.txt
  790  2805     12769425     12769431  0.837909 10699616.132325 E72Physics_790_1.txt
  790  2806     12495431     12495449  0.837224 10461474.723544 E72Physics_790_1.txt
  790  2816     19103887     19103906  0.830484 15865472.491308 E72Physics_790_2.txt
  790  2817     12374387     12374398  0.829616 10265989.445392 E72Physics_790_2.txt
  790  2818      8756463      8756469  0.827603 7246875.048189 E72Physics_790_2.txt
  790  2820     12001566     12001577  0.828107 9938580.815562 E72Physics_790_2.txt
  790  2822     14425213     14425228  0.825964 11914706.630332 E72Physics_790_2.txt
  790  2823     14113469     14113489  0.824829 11641198.521801 E72Physics_790_2.txt
  790  2824     13039789     13039800  0.823683 10740652.522887 E72Physics_790_2.txt
  790  2825     13905245     13905264  0.822680 11439566.956600 E72Physics_790_2.txt
  790  2826     13084331     13084341  0.819779 10726259.782849 E72Physics_790_2.txt
  790  2827      4036072      4036077  0.792821 3199882.639112 E72Physics_790_2.txt
  790  2828      1810960      1810962  0.818075 1481501.102000 E72Physics_790_2.txt
  790  2834      3195353      3195357  0.834628 2666931.083684 E72Physics_790_3.txt
  790  2836     11277443     11277452  0.826573 9321629.892839 E72Physics_790_3.txt
  790  2837      1447643      1447645  0.833831 1207089.610333 E72Physics_790_3.txt
  790  2842      2952208      2952209  0.819672 2419842.235776 E72Physics_790_4.txt
  790  2844      8761398      8761406  0.822607 7207187.324586 E72Physics_790_4.txt
  933  2857     14815331     14815354  0.809838 11998018.026378 E72Physics_933_1.txt
  933  2858     15170369     15170393  0.809204 12275923.276276 E72Physics_933_1.txt
  933  2859     15398630     15398660  0.807658 12436826.708540 E72Physics_933_1.txt
  933  2860     12910940     12910962  0.804948 10392635.331120 E72Physics_933_1.txt
  933  2861      1874833      1874837  0.798409 1496883.540697 E72Physics_933_1.txt
  933  2863     17453945     17453983  0.807391 14092158.107495 E72Physics_933_1.txt
  933  2864     14163053     14163079  0.803494 11379928.107182 E72Physics_933_1.txt
  933  2865     14278695     14278724  0.801145 11439305.105775 E72Physics_933_1.txt
  933  2866     14276156     14276188  0.798770 11403365.128120 E72Physics_933_1.txt
  933  2867     14308506     14308532  0.799768 11443485.226608 E72Physics_933_1.txt
  933  2868      3714083      3714090  0.799604 2969795.623132 E72Physics_933_1.txt
  933  2870     14251296     14251318  0.801555 11423197.565280 E72Physics_933_1.txt
  933  2871     14991434     14991470  0.799932 11992127.782488 E72Physics_933_1.txt
  933  2872     14279822     14279849  0.800995 11438066.022890 E72Physics_933_1.txt
  933  2873     15224182     15224206  0.799724 12175143.725768 E72Physics_933_1.txt
  933  2874     14423948     14423970  0.799841 11536864.992268 E72Physics_933_1.txt
  933  2875     19224041     19224081  0.800687 15392439.716167 E72Physics_933_1.txt
  685  2887     16376350     16376356  0.826942 13542291.621700 E72Physics_685_1.txt
  685  2888     13060621     13060632  0.822047 10736444.311187 E72Physics_685_1.txt
  685  2889     10620152     10620168  0.817724 8684353.174048 E72Physics_685_1.txt
  685  2891     12111739     12111749  0.817841 9905476.735499 E72Physics_685_1.txt
  685  2892     11893041     11893054  0.814081 9681898.710321 E72Physics_685_1.txt
  685  2893     11436263     11436277  0.810856 9273162.471128 E72Physics_685_1.txt
  685  2894     11802159     11802172  0.813375 9599581.076625 E72Physics_685_1.txt
  685  2895     12685399     12685407  0.812180 10302827.359820 E72Physics_685_1.txt
  685  2896      7752948      7752958  0.813764 6309069.976272 E72Physics_685_1.txt
  685  2898      4067712      4067726  0.810700 3297694.118400 E72Physics_685_1.txt
  685  2901      1772635      1772638  0.809904 1435664.177040 E72Physics_685_1.txt
  685  2903     11642778     11642791  0.812176 9455984.864928 E72Physics_685_1.txt
  685  2904     12531499     12531517  0.812523 10182131.161977 E72Physics_685_1.txt
  685  2905     11532870     11532886  0.814597 9394641.303390 E72Physics_685_1.txt
  685  2906     10679642     10679661  0.819029 8746936.507618 E72Physics_685_1.txt
  685  2909     10750220     10750232  0.818405 8798033.799100 E72Physics_685_1.txt
  685  2910     11650437     11650447  0.815801 9504438.155037 E72Physics_685_1.txt
  814  2913     15735610     15735620  0.810216 12749242.991760 E72Physics_814_1.txt
  814  2914     12816227     12816252  0.809592 10375914.849384 E72Physics_814_1.txt
  814  2916      3398804      3398802  0.806948 2742658.090192 E72Physics_814_1.txt
  814  2917     15659433     15659453  0.806676 12632088.774708 E72Physics_814_1.txt
  814  2918      7842381      7842394  0.804515 6309313.150215 E72Physics_814_1.txt
  814  2921     16829154     16829163  0.808162 13600682.754948 E72Physics_814_1.txt
  814  2922     15619640     15619649  0.808722 12631946.500080 E72Physics_814_1.txt
  814  2923     16991794     16991827  0.805496 13686822.099824 E72Physics_814_1.txt
  814  2924       940843       940845  0.788214  741585.624402 E72Physics_814_1.txt
  814  2926     19116810     19116840  0.804650 15382341.166500 E72Physics_814_1.txt
  814  2927      3073110      3073117  0.807699 2482147.873890 E72Physics_814_1.txt
  814  2928     10550373     10638173  0.805380 8497059.406740 E72Physics_814_1.txt
  814  2930     17016843     17016872  0.807050 13733443.143150 E72Physics_814_1.txt
  814  2931     17332554     17332586  0.807087 13988879.010198 E72Physics_814_1.txt
  814  2932     16073904     16073918  0.808322 12992890.229088 E72Physics_814_1.txt
  814  2933     16014437     16014457  0.806025 12908036.582925 E72Physics_814_1.txt
  814  2934     18244047     18244067  0.803683 14662430.425101 E72Physics_814_1.txt
  814  2935      7222040      7222055  0.801528 5788667.277120 E72Physics_814_1.txt
  645  2979      2501653      2501656  0.861456 2155063.986768 E72Physics_645_1.txt
  645  2981      5382248      5382252  0.869984 4682469.644032 E72Physics_645_1.txt
  645  2983           -1           -1 -1.000000      -1.000000 E72Physics_645_1.txt
  645  2985      9804579      9804587  0.867579 8506246.844241 E72Physics_645_1.txt
  645  2986     11018877     11018885  0.862487 9503638.167099 E72Physics_645_1.txt
  645  2987      9926232      9926236  0.863631 8572601.668392 E72Physics_645_1.txt
  645  2988      9855589      9855606  0.860424 8479985.309736 E72Physics_645_1.txt
  645  2989     10218064     10218070  0.851342 8699067.041888 E72Physics_645_1.txt
  645  2990      8114425      8114438  0.849775 6895435.504375 E72Physics_645_1.txt
  870  2995     15698996     15699012  0.815539 12803143.498844 E72Physics_870_1.txt
  870  2996     18033741     18033761  0.816605 14726443.069305 E72Physics_870_1.txt
  870  2997     14502369     14502386  0.818224 11866186.372656 E72Physics_870_1.txt
  870  2999     14531415     14531436  0.817458 11878821.443070 E72Physics_870_1.txt
  870  3000      5802318      5802329  0.818629 4749945.782022 E72Physics_870_1.txt
  665  3007     10537203     10537210  0.856923 9029571.606369 E72Physics_665_1.txt
  665  3008     10665218     10665228  0.855758 9126845.625244 E72Physics_665_1.txt
  665  3009     10830052     10830061  0.856480 9275722.936960 E72Physics_665_1.txt
  665  3010     10257015     10257020  0.856360 8783697.365400 E72Physics_665_1.txt
  665  3012      8667048      8667054  0.859904 7452829.243392 E72Physics_665_1.txt
  665  3014      9839588      9839598  0.860460 8466571.890480 E72Physics_665_1.txt
  665  3016       410664       410664  0.859768  353075.765952 E72Physics_665_1.txt
  665  3018     11100634     11100646  0.858502 9529916.490268 E72Physics_665_1.txt
  665  3019      2865423      2865426  0.858038 2458641.820074 E72Physics_665_1.txt
  665  3021      1477817      1477819  0.861629 1273329.983893 E72Physics_665_1.txt
  665  3023       644258       644261  0.859819  553945.269302 E72Physics_665_1.txt
  665  3025       643276       643276  0.861355  554088.998980 E72Physics_665_1.txt
  665  3027      2869454      2869455  0.859572 2466502.313688 E72Physics_665_1.txt
  842  3032      5763900      5763908  0.821142 4732980.373800 E72Physics_842_2.txt
  842  3034     14478216     14478233  0.823711 11925865.779576 E72Physics_842_2.txt
  842  3035     15208734     15208747  0.823773 12528544.433382 E72Physics_842_2.txt
  842  3036      8904846      8904857  0.821048 7311305.998608 E72Physics_842_2.txt
  842  3038      7334834      7334844  0.817486 5996124.107324 E72Physics_842_2.txt
  842  3040      1101944      1101949  0.813356  896272.764064 E72Physics_842_2.txt
  842  3042     14657220     14657237  0.822116 12049935.077520 E72Physics_842_2.txt
  842  3043     21009722     21009755  0.819610 17219778.248420 E72Physics_842_2.txt
  735  3774           -1           -1 -1.000000      -1.000000 E72Physics_735_8.txt
  735  3775           -1           -1 -1.000000      -1.000000 E72Physics_735_8.txt
  735  3776           -1           -1 -1.000000      -1.000000 E72Physics_735_8.txt
  735  3777           -1           -1 -1.000000      -1.000000 E72Physics_735_8.txt
  735  3778           -1           -1 -1.000000      -1.000000 E72Physics_735_8.txt
  735  3779           -1           -1 -1.000000      -1.000000 E72Physics_735_8.txt
  735  3781           -1           -1 -1.000000      -1.000000 E72Physics_735_8.txt
