# K-Beam totals distributed over actual K- momentum using beam_simul profiles.
# 735 MeV/c profile: beam_profile_run02270_-735.root
# momentum_low_GeV momentum_high_GeV momentum_center_GeV K-Beam_total K-BeamxDAQ-Eff_total
  0.500000   0.504000   0.502000         0.000000         0.000000
  0.504000   0.508000   0.506000         0.000000         0.000000
  0.508000   0.512000   0.510000         0.000000         0.000000
  0.512000   0.516000   0.514000         0.000000         0.000000
  0.516000   0.520000   0.518000         0.000000         0.000000
  0.520000   0.524000   0.522000         0.000000         0.000000
  0.524000   0.528000   0.526000         0.000000         0.000000
  0.528000   0.532000   0.530000         0.000000         0.000000
  0.532000   0.536000   0.534000         0.000000         0.000000
  0.536000   0.540000   0.538000         0.000000         0.000000
  0.540000   0.544000   0.542000         0.000000         0.000000
  0.544000   0.548000   0.546000         0.000000         0.000000
  0.548000   0.552000   0.550000         0.000000         0.000000
  0.552000   0.556000   0.554000         0.000000         0.000000
  0.556000   0.560000   0.558000         0.000000         0.000000
  0.560000   0.564000   0.562000         0.000000         0.000000
  0.564000   0.568000   0.566000         0.000000         0.000000
  0.568000   0.572000   0.570000         0.000000         0.000000
  0.572000   0.576000   0.574000         0.000000         0.000000
  0.576000   0.580000   0.578000     15226.972854     13101.548561
  0.580000   0.584000   0.582000      3806.743214      3275.387140
  0.584000   0.588000   0.586000      3806.743214      3275.387140
  0.588000   0.592000   0.590000      5710.114820      4913.080710
  0.592000   0.596000   0.594000     25556.337038     21934.325025
  0.596000   0.600000   0.598000      7761.214818      6667.921301
  0.600000   0.604000   0.602000      7761.214818      6667.921301
  0.604000   0.608000   0.606000     11494.093836      9884.734931
  0.608000   0.612000   0.610000     57159.254499     47741.177040
  0.612000   0.616000   0.614000     39048.171087     32877.903156
  0.616000   0.620000   0.618000     18898.521639     16009.053286
  0.620000   0.624000   0.622000     55136.446363     47183.804629
  0.624000   0.628000   0.626000    574830.759216    494332.722785
  0.628000   0.632000   0.630000   3541278.607495   3046582.070889
  0.632000   0.636000   0.634000   7615697.789558   6552395.532734
  0.636000   0.640000   0.638000  10180791.822231   8752096.514124
  0.640000   0.644000   0.642000  11387474.190723   9795743.526056
  0.644000   0.648000   0.646000  11920827.848195  10252826.258695
  0.648000   0.652000   0.650000  14427024.066222  12399151.963628
  0.652000   0.656000   0.654000  16324524.998928  14020063.980283
  0.656000   0.660000   0.658000  15860378.576600  13574116.351745
  0.660000   0.664000   0.662000  14927887.071954  12793593.426573
  0.664000   0.668000   0.666000  16050722.027537  13652491.478175
  0.668000   0.672000   0.670000  23070327.898845  19329961.349096
  0.672000   0.676000   0.674000  29616874.733137  24517981.398751
  0.676000   0.680000   0.678000  31222309.244772  25670021.737687
  0.680000   0.684000   0.682000  31110601.681931  25463960.058829
  0.684000   0.688000   0.686000  29355299.827629  23983104.885155
  0.688000   0.692000   0.690000  26661497.604391  21764184.775232
  0.692000   0.696000   0.694000  24729019.858087  20193188.671791
  0.696000   0.700000   0.698000  38032231.683652  31099940.716894
  0.700000   0.704000   0.702000  67219704.883836  55016697.981840
  0.704000   0.708000   0.706000  89633294.816037  73381678.362440
  0.708000   0.712000   0.710000 100182746.362082  81955479.174165
  0.712000   0.716000   0.714000 115280747.470787  93497483.074992
  0.716000   0.720000   0.718000 156565246.421552 124245033.796332
  0.720000   0.724000   0.722000 207354500.958700 161418147.867065
  0.724000   0.728000   0.726000 225494394.235915 173401596.405543
  0.728000   0.732000   0.730000 221113561.329198 168279588.464316
  0.732000   0.736000   0.734000 213849667.773195 162066355.512232
  0.736000   0.740000   0.738000 221130177.083744 168010067.093366
  0.740000   0.744000   0.742000 216695296.115956 165672767.825331
  0.744000   0.748000   0.746000 185549046.965238 142970810.620510
  0.748000   0.752000   0.750000 142040385.339186 110540061.933442
  0.752000   0.756000   0.754000 107750034.369929  84737960.370954
  0.756000   0.760000   0.758000  91971266.106534  72783638.527279
  0.760000   0.764000   0.762000  73940261.119108  58682059.893685
  0.764000   0.768000   0.766000  52262784.721882  41539629.521575
  0.768000   0.772000   0.770000  34611473.006174  27699119.732475
  0.772000   0.776000   0.774000  27232837.902294  22157918.948605
  0.776000   0.780000   0.778000  29426639.367769  24182085.685888
  0.780000   0.784000   0.782000  31682337.913372  26168092.219355
  0.784000   0.788000   0.786000  32553089.479825  26924871.470628
  0.788000   0.792000   0.790000  32533790.533282  26910247.571896
  0.792000   0.796000   0.794000  36328068.492707  29929475.452781
  0.796000   0.800000   0.798000  40793423.656560  33435960.256272
  0.800000   0.804000   0.802000  43317812.248952  35204939.545362
  0.804000   0.808000   0.806000  38196531.375007  31026254.154040
  0.808000   0.812000   0.810000  35290112.458618  28562447.193788
  0.812000   0.816000   0.814000  32288840.745457  26086424.754229
  0.816000   0.820000   0.818000  30790393.929492  24865945.338870
  0.820000   0.824000   0.822000  28640750.606093  23158298.214631
  0.824000   0.828000   0.826000  25421846.140968  20600210.920063
  0.828000   0.832000   0.830000  19730453.258862  16053652.956344
  0.832000   0.836000   0.834000  15463714.031199  12632035.383471
  0.836000   0.840000   0.838000  13724112.889255  11241213.079814
  0.840000   0.844000   0.842000  12337776.312109  10119080.722792
  0.844000   0.848000   0.846000  12388577.182278  10163649.027880
  0.848000   0.852000   0.850000  12410169.591650  10177729.714219
  0.852000   0.856000   0.854000  12276374.323425  10058610.643452
  0.856000   0.860000   0.858000  11461182.340254   9382354.882735
  0.860000   0.864000   0.862000  10443368.451047   8544804.270627
  0.864000   0.868000   0.866000   9590696.776063   7839170.568429
  0.868000   0.872000   0.870000   8826124.194204   7212685.714577
  0.872000   0.876000   0.874000   8511630.699093   6954786.529484
  0.876000   0.880000   0.878000   7374989.394094   6025133.363796
  0.880000   0.884000   0.882000   5498437.222170   4491637.228689
  0.884000   0.888000   0.886000   3544902.044144   2895563.413166
  0.888000   0.892000   0.890000   2122870.719264   1730512.459551
  0.892000   0.896000   0.894000    843119.441972    688634.631263
  0.896000   0.900000   0.898000    473165.782953    386179.104583
  0.900000   0.904000   0.902000    449433.927101    364052.436538
  0.904000   0.908000   0.906000   1724824.704920   1387006.236109
  0.908000   0.912000   0.910000   5975535.956073   4800054.313329
  0.912000   0.916000   0.914000  13365245.072864  10732406.054843
  0.916000   0.920000   0.918000  19555364.377733  15704828.457417
  0.920000   0.924000   0.922000  24034105.049672  19298296.644085
  0.924000   0.928000   0.926000  25510082.086195  20483401.976670
  0.928000   0.932000   0.930000  27514833.592891  22093046.778030
  0.932000   0.936000   0.934000  26267081.996263  21091122.219521
  0.936000   0.940000   0.938000  25354583.929861  20358546.071019
  0.940000   0.944000   0.942000  21236393.684307  17051916.113465
  0.944000   0.948000   0.946000  16865720.781299  13542468.783131
  0.948000   0.952000   0.950000  10676821.420152   8574314.814468
  0.952000   0.956000   0.954000   5442435.471698   4369956.697787
  0.956000   0.960000   0.958000   3032214.048518   2434690.160196
  0.960000   0.964000   0.962000   1645688.821204   1321391.668140
  0.964000   0.968000   0.966000    777490.781671    624279.528255
  0.968000   0.972000   0.970000    440578.109614    353758.399345
  0.972000   0.976000   0.974000    285079.953279    228902.493694
  0.976000   0.980000   0.978000    207330.875112    166474.540868
  0.980000   0.984000   0.982000     90707.257862     72832.611630
  0.984000   0.988000   0.986000     77749.078167     62427.952826
  0.988000   0.992000   0.990000     77749.078167     62427.952826
  0.992000   0.996000   0.994000     51832.718778     41618.635217
  0.996000   1.000000   0.998000     51832.718778     41618.635217
  1.000000   1.004000   1.002000    116623.617251     93641.929238
  1.004000   1.008000   1.006000     90707.257862     72832.611630
  1.008000   1.012000   1.010000    103665.437556     83237.270434
  1.012000   1.016000   1.014000     25916.359389     20809.317609
  1.016000   1.020000   1.018000    298038.132974    239307.152498
  1.020000   1.024000   1.022000         0.000000         0.000000
  1.024000   1.028000   1.026000         0.000000         0.000000
  1.028000   1.032000   1.030000         0.000000         0.000000
  1.032000   1.036000   1.034000         0.000000         0.000000
  1.036000   1.040000   1.038000         0.000000         0.000000
  1.040000   1.044000   1.042000         0.000000         0.000000
  1.044000   1.048000   1.046000         0.000000         0.000000
  1.048000   1.052000   1.050000         0.000000         0.000000
  1.052000   1.056000   1.054000         0.000000         0.000000
  1.056000   1.060000   1.058000         0.000000         0.000000
  1.060000   1.064000   1.062000         0.000000         0.000000
  1.064000   1.068000   1.066000         0.000000         0.000000
  1.068000   1.072000   1.070000         0.000000         0.000000
  1.072000   1.076000   1.074000         0.000000         0.000000
  1.076000   1.080000   1.078000         0.000000         0.000000
  1.080000   1.084000   1.082000         0.000000         0.000000
  1.084000   1.088000   1.086000         0.000000         0.000000
  1.088000   1.092000   1.090000         0.000000         0.000000
  1.092000   1.096000   1.094000         0.000000         0.000000
  1.096000   1.100000   1.098000         0.000000         0.000000
